SubjectID TrialNum Amplitude Width StartPos TargetPos Time Success CursorPos
1 1 157 18 (448,333) (354,208) 7 1 (471,364)
1 1 157 18 (448,333) (354,208) 25 1 (471,364)
1 1 157 18 (448,333) (354,208) 45 1 (471,364)
1 1 157 18 (448,333) (354,208) 100 1 (471,364)
1 1 157 18 (448,333) (354,208) 151 1 (471,364)
1 1 157 18 (448,333) (354,208) 179 1 (471,364)
1 1 157 18 (448,333) (354,208) 281 1 (440,331)
1 1 157 18 (448,333) (354,208) 309 1 (416,292)
1 1 157 18 (448,333) (354,208) 318 1 (411,282)
1 1 157 18 (448,333) (354,208) 338 1 (399,266)
1 1 157 18 (448,333) (354,208) 367 1 (384,251)
1 1 157 18 (448,333) (354,208) 443 1 (368,229)
1 1 157 18 (448,333) (354,208) 471 1 (366,226)
1 1 157 18 (448,333) (354,208) 479 1 (366,226)
1 1 157 18 (448,333) (354,208) 500 1 (364,224)
1 1 157 18 (448,333) (354,208) 509 1 (364,224)
1 1 157 18 (448,333) (354,208) 665 1 (361,224)
1 1 157 18 (448,333) (354,208) 693 1 (361,223)
1 1 157 18 (448,333) (354,208) 751 1 (361,223)
1 1 157 18 (448,333) (354,208) 756 1 (361,223)
1 1 157 18 (448,333) (354,208) 777 1 (361,223)
1 1 157 18 (448,333) (354,208) 787 1 (361,223)

1 2 154 18 (428,97) (415,250) 11 1 (460,118)
1 2 154 18 (428,97) (415,250) 23 1 (460,118)
1 2 154 18 (428,97) (415,250) 43 1 (460,118)
1 2 154 18 (428,97) (415,250) 101 1 (460,118)
1 2 154 18 (428,97) (415,250) 134 1 (460,119)
1 2 154 18 (428,97) (415,250) 171 1 (456,128)
1 2 154 18 (428,97) (415,250) 178 1 (454,135)
1 2 154 18 (428,97) (415,250) 197 1 (449,154)
1 2 154 18 (428,97) (415,250) 211 1 (444,176)
1 2 154 18 (428,97) (415,250) 288 1 (432,265)
1 2 154 18 (428,97) (415,250) 305 1 (431,268)
1 2 154 18 (428,97) (415,250) 334 1 (429,270)
1 2 154 18 (428,97) (415,250) 355 1 (429,270)
1 2 154 18 (428,97) (415,250) 383 1 (429,270)
1 2 154 18 (428,97) (415,250) 398 1 (429,270)
1 2 154 18 (428,97) (415,250) 429 1 (429,270)
1 2 154 18 (428,97) (415,250) 587 1 (429,268)
1 2 154 18 (428,97) (415,250) 627 1 (429,267)
1 2 154 18 (428,97) (415,250) 638 1 (429,267)
1 2 154 18 (428,97) (415,250) 649 1 (429,267)
1 2 154 18 (428,97) (415,250) 670 1 (429,267)
1 2 154 18 (428,97) (415,250) 680 1 (429,267)

1 3 154 18 (379,339) (285,218) 9 1 (409,356)
1 3 154 18 (379,339) (285,218) 22 1 (409,356)
1 3 154 18 (379,339) (285,218) 37 1 (409,356)
1 3 154 18 (379,339) (285,218) 116 1 (386,334)
1 3 154 18 (379,339) (285,218) 129 1 (375,324)
1 3 154 18 (379,339) (285,218) 149 1 (354,299)
1 3 154 18 (379,339) (285,218) 182 1 (317,250)
1 3 154 18 (379,339) (285,218) 224 1 (304,233)
1 3 154 18 (379,339) (285,218) 238 1 (302,233)
1 3 154 18 (379,339) (285,218) 259 1 (302,233)
1 3 154 18 (379,339) (285,218) 270 1 (302,233)
1 3 154 18 (379,339) (285,218) 428 1 (302,233)
1 3 154 18 (379,339) (285,218) 473 1 (302,233)
1 3 154 18 (379,339) (285,218) 619 1 (298,232)
1 3 154 18 (379,339) (285,218) 638 1 (298,232)
1 3 154 18 (379,339) (285,218) 648 1 (298,232)
1 3 154 18 (379,339) (285,218) 677 1 (298,232)

1 4 157 18 (416,286) (268,235) 13 1 (440,323)
1 4 157 18 (416,286) (268,235) 26 1 (440,323)
1 4 157 18 (416,286) (268,235) 46 1 (440,323)
1 4 157 18 (416,286) (268,235) 147 1 (440,323)
1 4 157 18 (416,286) (268,235) 197 1 (440,323)
1 4 157 18 (416,286) (268,235) 230 1 (440,323)
1 4 157 18 (416,286) (268,235) 279 1 (413,304)
1 4 157 18 (416,286) (268,235) 288 1 (400,298)
1 4 157 18 (416,286) (268,235) 305 1 (386,292)
1 4 157 18 (416,286) (268,235) 397 1 (286,254)
1 4 157 18 (416,286) (268,235) 430 1 (285,248)
1 4 157 18 (416,286) (268,235) 446 1 (285,247)
1 4 157 18 (416,286) (268,235) 491 1 (285,246)
1 4 157 18 (416,286) (268,235) 556 1 (285,246)
1 4 157 18 (416,286) (268,235) 647 1 (284,246)
1 4 157 18 (416,286) (268,235) 679 1 (284,246)
1 4 157 18 (416,286) (268,235) 718 1 (284,246)
1 4 157 18 (416,286) (268,235) 730 1 (284,246)
1 4 157 18 (416,286) (268,235) 740 1 (284,246)
1 4 157 18 (416,286) (268,235) 762 1 (284,246)
1 4 157 18 (416,286) (268,235) 771 1 (284,246)

SubjectID TrialNum Amplitude Width StartPos TargetPos Time Success CursorPos
1 1 150 10 (489,338) (446,195) 8 1 (506,342)
1 1 150 10 (489,338) (446,195) 19 1 (506,342)
1 1 150 10 (489,338) (446,195) 42 1 (506,342)
1 1 150 10 (489,338) (446,195) 64 1 (506,342)
1 1 150 10 (489,338) (446,195) 83 1 (506,342)
1 1 150 10 (489,338) (446,195) 112 1 (506,342)
1 1 150 10 (489,338) (446,195) 148 1 (506,342)
1 1 150 10 (489,338) (446,195) 235 1 (503,333)
1 1 150 10 (489,338) (446,195) 244 1 (502,330)
1 1 150 10 (489,338) (446,195) 252 1 (500,325)
1 1 150 10 (489,338) (446,195) 273 1 (496,309)
1 1 150 10 (489,338) (446,195) 380 1 (472,214)
1 1 150 10 (489,338) (446,195) 552 1 (461,188)
1 1 150 10 (489,338) (446,195) 579 1 (460,188)
1 1 150 10 (489,338) (446,195) 698 1 (454,195)
1 1 150 10 (489,338) (446,195) 713 1 (454,196)
1 1 150 10 (489,338) (446,195) 721 1 (454,198)
1 1 150 10 (489,338) (446,195) 736 1 (454,198)
1 1 150 10 (489,338) (446,195) 851 1 (453,201)
1 1 150 10 (489,338) (446,195) 1003 1 (453,201)
1 1 150 10 (489,338) (446,195) 1040 1 (453,201)
1 1 150 10 (489,338) (446,195) 1071 1 (453,201)
1 1 150 10 (489,338) (446,195) 1079 1 (453,201)
1 1 150 10 (489,338) (446,195) 1096 1 (453,201)
1 1 150 10 (489,338) (446,195) 1117 1 (453,201)

1 2 150 10 (272,0) (372,111) 5 1 (286,24)
1 2 150 10 (272,0) (372,111) 35 1 (286,24)
1 2 150 10 (272,0) (372,111) 51 1 (286,24)
1 2 150 10 (272,0) (372,111) 88 1 (286,24)
1 2 150 10 (272,0) (372,111) 111 1 (286,24)
1 2 150 10 (272,0) (372,111) 148 1 (286,24)
1 2 150 10 (272,0) (372,111) 221 1 (311,41)
1 2 150 10 (272,0) (372,111) 299 1 (352,89)
1 2 150 10 (272,0) (372,111) 334 1 (360,98)
1 2 150 10 (272,0) (372,111) 521 1 (372,117)
1 2 150 10 (272,0) (372,111) 535 1 (375,118)
1 2 150 10 (272,0) (372,111) 561 1 (377,121)
1 2 150 10 (272,0) (372,111) 563 1 (377,121)
1 2 150 10 (272,0) (372,111) 579 1 (378,122)
1 2 150 10 (272,0) (372,111) 619 1 (378,123)
1 2 150 10 (272,0) (372,111) 627 1 (378,123)
1 2 150 10 (272,0) (372,111) 754 1 (378,123)
1 2 150 10 (272,0) (372,111) 767 1 (378,123)
1 2 150 10 (272,0) (372,111) 814 1 (378,123)
1 2 150 10 (272,0) (372,111) 940 1 (378,123)
1 2 150 10 (272,0) (372,111) 1003 1 (378,120)
1 2 150 10 (272,0) (372,111) 1017 1 (378,119)
1 2 150 10 (272,0) (372,111) 1037 1 (378,117)
1 2 150 10 (272,0) (372,111) 1176 1 (378,115)
1 2 150 10 (272,0) (372,111) 1222 1 (378,115)
1 2 150 10 (272,0) (372,111) 1343 1 (378,115)
1 2 150 10 (272,0) (372,111) 1347 1 (378,115)
1 2 150 10 (272,0) (372,111) 1365 1 (378,115)
1 2 150 10 (272,0) (372,111) 1377 1 (378,115)

1 3 150 10 (640,272) (538,163) 7 1 (656,287)
1 3 150 10 (640,272) (538,163) 26 1 (656,287)
1 3 150 10 (640,272) (538,163) 35 1 (656,287)
1 3 150 10 (640,272) (538,163) 180 1 (656,287)
1 3 150 10 (640,272) (538,163) 222 1 (656,287)
1 3 150 10 (640,272) (538,163) 263 1 (633,268)
1 3 150 10 (640,272) (538,163) 271 1 (626,263)
1 3 150 10 (640,272) (538,163) 427 1 (574,207)
1 3 150 10 (640,272) (538,163) 645 1 (574,207)
1 3 150 10 (640,272) (538,163) 712 1 (574,207)
1 3 150 10 (640,272) (538,163) 836 1 (574,207)
1 3 150 10 (640,272) (538,163) 1034 1 (574,207)
1 3 150 10 (640,272) (538,163) 1067 1 (574,207)
1 3 150 10 (640,272) (538,163) 1132 1 (574,207)
1 3 150 10 (640,272) (538,163) 1224 1 (574,207)
1 3 150 10 (640,272) (538,163) 1270 1 (566,202)
1 3 150 10 (640,272) (538,163) 1460 1 (532,173)
1 3 150 10 (640,272) (538,163) 1506 1 (532,172)
1 3 150 10 (640,272) (538,163) 1634 1 (536,168)
1 3 150 10 (640,272) (538,163) 1676 1 (536,168)
1 3 150 10 (640,272) (538,163) 1723 1 (537,168)
1 3 150 10 (640,272) (538,163) 1739 1 (538,166)
1 3 150 10 (640,272) (538,163) 1759 1 (539,166)
1 3 150 10 (640,272) (538,163) 1787 1 (539,166)
1 3 150 10 (640,272) (538,163) 1929 1 (544,164)
1 3 150 10 (640,272) (538,163) 1960 1 (544,164)
1 3 150 10 (640,272) (538,163) 2078 1 (544,164)
1 3 150 10 (640,272) (538,163) 2088 1 (544,164)
1 3 150 10 (640,272) (538,163) 2113 1 (544,164)

SubjectID TrialNum Amplitude Width StartPos TargetPos Time Success CursorPos
1 1 150 10 (206,433) (335,358) 8 1 (232,444)
1 1 150 10 (206,433) (335,358) 24 1 (232,444)
1 1 150 10 (206,433) (335,358) 35 1 (232,444)
1 1 150 10 (206,433) (335,358) 55 1 (232,444)
1 1 150 10 (206,433) (335,358) 66 1 (232,444)
1 1 150 10 (206,433) (335,358) 255 1 (232,444)
1 1 150 10 (206,433) (335,358) 319 1 (232,444)
1 1 150 10 (206,433) (335,358) 363 1 (256,420)
1 1 150 10 (206,433) (335,358) 384 1 (275,403)
1 1 150 10 (206,433) (335,358) 395 1 (282,395)
1 1 150 10 (206,433) (335,358) 691 1 (334,369)
1 1 150 10 (206,433) (335,358) 739 1 (336,368)
1 1 150 10 (206,433) (335,358) 758 1 (338,366)
1 1 150 10 (206,433) (335,358) 769 1 (339,365)
1 1 150 10 (206,433) (335,358) 785 1 (340,365)
1 1 150 10 (206,433) (335,358) 805 1 (340,365)
1 1 150 10 (206,433) (335,358) 882 1 (340,364)
1 1 150 10 (206,433) (335,358) 975 1 (340,360)
1 1 150 10 (206,433) (335,358) 996 1 (340,360)
1 1 150 10 (206,433) (335,358) 1006 1 (340,360)
1 1 150 10 (206,433) (335,358) 1056 1 (340,360)
1 1 150 10 (206,433) (335,358) 1074 1 (340,360)
1 1 150 10 (206,433) (335,358) 1087 1 (340,360)
1 1 150 10 (206,433) (335,358) 1097 1 (340,360)
1 1 150 10 (206,433) (335,358) 1114 1 (340,360)

